MAE:5.973090665498773
MSE:93.03352942890133
EVS:-1.957418932575355e+30
