MAE:4.775789542745844
MSE:58.656757180639964
EVS:-0.05929223516494284
