MAE:4.120359499548511
MSE:36.78670661591339
EVS:0.027162005540288626
