MAE:3.364162145832649
MSE:31.60790789569173
EVS:-1.9890174864487e+31
