MAE:3.3503045636321547
MSE:32.71297619189818
EVS:-2.28026862779029e+31
