MAE:16.259579294697648
MSE:408.86186358016107
EVS:0.05774178627211657
