MAE:5.543173267785405
MSE:82.38900942743594
EVS:-9.026316926265054e+31
