MAE:3.3451586665640156
MSE:27.66903874653899
EVS:0.0366614377210035
