MAE:3.3645875759194737
MSE:31.617297091235237
EVS:-1.9897033989520108e+31
