MAE:5.349103819802567
MSE:80.9287609912744
EVS:-9.761471749916777e+31
