MAE:3.1389928823634405
MSE:30.033602644103347
EVS:-2.2118690693123773e+31
