MAE:3.2972208048499723
MSE:32.4091752286453
EVS:-2.3503464344011646e+31
