MAE:4.330168143003561
MSE:44.32438422345954
EVS:-8.337157824243542e+31
