MAE:6.269116359382156
MSE:95.08693564679785
EVS:-1.2817604001514383e+32
