MAE:2.988414023611747
MSE:27.832007193947447
EVS:-2.3771923409977657e+31
