MAE:4.105987310763069
MSE:45.3432914889295
EVS:-0.012253708199710367
