MAE:10.596216708277446
MSE:189.44015726870535
EVS:0.1266427554471613
