MAE:4.112867420182541
MSE:41.53530326148142
EVS:-8.430795259856824e+31
