MAE:3.4077523634683984
MSE:30.724712236557945
EVS:0.013050795117065705
