MAE:3.221257982915256
MSE:32.00776914366811
EVS:-2.478320664607419e+31
