MAE:4.848600088790647
MSE:60.061555856882855
EVS:-0.008165652709783977
