MAE:10.080252930897736
MSE:172.10653572928652
EVS:0.10984039416878444
