MAE:3.274779501712574
MSE:27.89454103788504
EVS:0.046203915252772274
