MAE:10.080285824139885
MSE:172.1069611626995
EVS:0.10983798055829419
