MAE:2.935604862153878
MSE:22.257200587164043
EVS:0.05420662119782691
