MAE:3.754883803282669
MSE:34.286827098013134
EVS:-7.631781071095096e+31
