MAE:2.899819144128061
MSE:26.2767127164795
EVS:-2.4463959666903454e+31
