MAE:4.482634123395058
MSE:51.56840331680955
EVS:-0.03491328815661952
