MAE:2.9033471466937897
MSE:22.364369028776842
EVS:0.04862867420776242
