MAE:7.548965149815163
MSE:124.972397449638
EVS:-3.7919193003599884e+30
