MAE:1.7833335818163608e-14
MSE:7.3769782815987405e-28
EVS:1.0
