MAE:2.914274179011138
MSE:28.603053320347925
EVS:-1.807571871755089e+31
