MAE:3.2889049971342827
MSE:27.712016112608687
EVS:0.04647531166073395
