MAE:5.429644551134359
MSE:76.60223316030692
EVS:-9.510801792430394e+31
