MAE:3.199419641512778
MSE:33.02566415836814
EVS:-2.4629491958797503e+31
