MAE:4.263555394062456
MSE:45.232589610266565
EVS:0.031109458791135268
