MAE:3.1138377538922413
MSE:25.374722523507522
EVS:0.06299535899610549
