MAE:3.549247758447669
MSE:33.65403531204355
EVS:-3.3671751617047657e+31
