MAE:4.145067174841
MSE:41.78396397728559
EVS:-7.764210029468406e+31
