MAE:3.515877261313362
MSE:35.30924058958588
EVS:-2.128871899005537e+31
