MAE:3.7746693871067736
MSE:36.75329060616936
EVS:-4.415858022801703e+31
