MAE:3.67587622193889
MSE:36.83860541976861
EVS:0.01156626932000977
