MAE:5.777148521702645
MSE:83.8112356588602
EVS:-1.3172963600273489e+32
