MAE:3.8497338912571593
MSE:41.94745031192582
EVS:-2.393906223400521e+31
