MAE:4.7763092866907755
MSE:58.67104477873804
EVS:-0.0593213726476856
