MAE:2.863931417104312
MSE:21.661761385712044
EVS:0.0693367751240841
