MAE:6.68710964878399
MSE:109.35127044261188
EVS:-1.19283160451343e+32
