MAE:4.142415965632046
MSE:41.38082929295621
EVS:-7.689001007833574e+31
