MAE:6.073753010297585
MSE:92.051040214668
EVS:-1.1560394574137915e+32
