MAE:6.415287232362037
MSE:105.19591842075098
EVS:-2.1038292814362246e+30
