MAE:4.690516439328453
MSE:56.58034260530003
EVS:-0.06617173353418959
