MAE:3.4950745265700647
MSE:34.32875711081644
EVS:-2.3526804551376336e+31
