MAE:5.830665437931644
MSE:88.11803102802767
EVS:-2.2099360538232232e+30
