MAE:3.5327311892425106
MSE:35.24780759996709
EVS:-2.127294758307358e+31
