MAE:3.346365309417025
MSE:34.363745243372335
EVS:-2.736058609634495e+31
