MAE:3.104150241662489
MSE:28.792632078415494
EVS:-1.9233537090241864e+31
