MAE:5.746977659120171
MSE:85.25937276950651
EVS:-1.0350317550879899e+32
