MAE:2.807054410284887
MSE:20.781169292780366
EVS:0.0751357114181036
