MAE:6.605324570511326
MSE:99.92911391007577
EVS:-1.5055006733031227e+32
