MAE:5.830813536683264
MSE:88.12037255053167
EVS:-2.2100726193740155e+30
