MAE:3.3733819512420156
MSE:33.33456212539975
EVS:-2.817241696247786e+31
