MAE:3.011462220196838
MSE:28.44275061781753
EVS:-2.096402866476597e+31
