MAE:2.873512097945956
MSE:22.743401857419833
EVS:0.046209618138265185
