MAE:3.1972203416863207
MSE:33.52515059079267
EVS:-2.4777308027118215e+31
