MAE:6.266964030246274
MSE:95.12182194734046
EVS:-1.229944313017263e+32
