MAE:3.632567366329922
MSE:32.809089185409825
EVS:-6.327648048622334e+31
