MAE:5.983317167654738
MSE:94.34812895961508
EVS:-1.8791091074208062e+30
