MAE:3.4983864661775086
MSE:35.935368651102245
EVS:-1.9914129683214964e+31
