MAE:3.141552962161403
MSE:25.13517901027756
EVS:0.048107848520484796
