MAE:15.190062641041951
MSE:370.8331041540866
EVS:-0.06043175298940229
