MAE:3.5768938849661085
MSE:35.59312510859453
EVS:-2.49275468255672e+31
