MAE:3.74068056740733
MSE:34.391808054049726
EVS:-8.110884663282214e+31
