MAE:10.7210955391629
MSE:184.6730018213876
EVS:0.1435143344923936
