MAE:3.2734361791757927
MSE:27.87674623306583
EVS:0.04620555932289907
