MAE:2.6131930579934037
MSE:18.578379139427796
EVS:0.0794883495003493
