MAE:2.639179513157981
MSE:19.409612326680282
EVS:0.07007248235317139
