MAE:3.9760802183024255
MSE:38.70344617897897
EVS:-5.947846684015947e+31
