MAE:5.831109424012349
MSE:88.12505276474135
EVS:-2.2103455369691614e+30
