MAE:4.39076876336014
MSE:50.08805123443487
EVS:0.001511360652581928
