MAE:4.168720865559148
MSE:42.71707514746983
EVS:-8.154430738856416e+31
