MAE:4.231735310518353
MSE:39.86068771193435
EVS:-5.5429825347278246e+29
