MAE:6.288960210844829
MSE:102.91816536189307
EVS:-1.991485729098773e+30
