MAE:3.716546233306636
MSE:34.5555380480958
EVS:-8.843211539989351e+31
