MAE:5.190604911143524
MSE:76.56411356154345
EVS:-9.687496036473984e+31
