MAE:3.8565673660720536
MSE:40.41880161479066
EVS:0.011853308641553184
