MAE:5.854026593578728
MSE:86.8942393017962
EVS:-1.1391995484960302e+32
