MAE:2.7487280977591104
MSE:20.425079685509786
EVS:0.06688556472836571
