MAE:5.34819227519583
MSE:78.13531127091348
EVS:-1.0002539271457045e+32
