MAE:3.620524782952716
MSE:36.06557714880345
EVS:-3.4462268802281907e+31
