MAE:6.231122387659071
MSE:97.87028143277341
EVS:-2.2032914821071008e+30
