MAE:3.4528611174766297
MSE:34.67482379129078
EVS:-2.516047566535706e+31
