MAE:3.3361399167237678
MSE:34.075356907446874
EVS:-2.6595756065279474e+31
