MAE:3.0224196847944595
MSE:30.501612244088562
EVS:-2.7031213867300134e+31
