MAE:6.526264008637398
MSE:105.15388709164252
EVS:-1.1770925859164786e+32
