MAE:2.863524508580581
MSE:27.313276896440676
EVS:-2.0310088466480358e+31
