MAE:5.372373759721847
MSE:76.37720159021019
EVS:-1.0476849983010503e+32
