MAE:5.746583130049257
MSE:85.24992951871693
EVS:-1.034837447720724e+32
