MAE:5.499897034109161
MSE:90.14646593528352
EVS:-1.097605089819076e+32
