MAE:3.522822601611712
MSE:29.661610307964686
EVS:0.03509318811355344
