MAE:3.1440069512823405
MSE:31.49951011384424
EVS:-2.307770929743658e+31
