MAE:6.337308956711248
MSE:93.27886755856227
EVS:-1.290528178484915e+32
