MAE:4.646988359674037
MSE:54.983510983140434
EVS:-0.05128234950412582
