MAE:12.913437839777213
MSE:449.89493849715575
EVS:-7.760224861496772e+32
