MAE:4.815787813245356
MSE:60.5596847657752
EVS:-1.5897768258904242e+32
