MAE:3.5230053891462503
MSE:29.664299758641175
EVS:0.035095123007901005
