MAE:3.62036696268497
MSE:36.0682581565588
EVS:-3.446092172706757e+31
