MAE:3.346470098869124
MSE:34.370978078636696
EVS:-2.7365818871893193e+31
