MAE:4.201543824156151
MSE:47.83437747656795
EVS:-2.162554099614284e+31
