MAE:6.212426102338052
MSE:92.95366595921824
EVS:-1.132102846218117e+32
