MAE:5.70091443272633
MSE:97.23250765969618
EVS:-1.1966020970400419e+32
