MAE:5.830961532101844
MSE:88.12271313201423
EVS:-2.2102091137142765e+30
