MAE:3.986937098005776
MSE:38.91583016394437
EVS:0.04618752740693517
