MAE:6.212294959472286
MSE:92.95389470893049
EVS:-1.1318559753014272e+32
