MAE:3.94955860801522
MSE:36.68975221386505
EVS:-6.671922541826415e+31
