MAE:3.095110326294757
MSE:30.166456205793423
EVS:-1.8725510216888834e+31
