MAE:3.022686483417386
MSE:30.50346059710509
EVS:-2.7039229961212837e+31
