MAE:6.649911640284069
MSE:100.3999665395504
EVS:-1.3725476258017271e+32
