MAE:10.080298970467108
MSE:172.10713161327516
EVS:0.10983701571680671
