MAE:3.9736595771937986
MSE:38.569598850907504
EVS:-8.585864284352915e+31
