MAE:5.830517235681556
MSE:88.11568856128147
EVS:-2.2097994170440677e+30
