MAE:0.7813540089433342
MSE:2.595679581524949
EVS:0.9763587135750708
