MAE:0.9552940125033226
MSE:3.3292702400967817
EVS:0.9641860690879946
