MAE:0.8959317701455429
MSE:3.003797975890122
EVS:0.9677908759616681
