MAE:0.9804960000784787
MSE:3.591667751914104
EVS:0.961720479740331
