MAE:0.9943902698121647
MSE:3.5969227587627204
EVS:0.9600651850097195
