MAE:0.8663386325828556
MSE:2.682594372740211
EVS:0.970214226925919
