MAE:0.9599664050874226
MSE:3.370936411694769
EVS:0.9624882703691965
