MAE:0.8726476300312003
MSE:2.7234145684120548
EVS:0.9698429586579337
