MAE:0.9532800014370922
MSE:3.318647020757718
EVS:0.9646718598791976
