MAE:0.9553117320273425
MSE:3.328384756634974
EVS:0.9639995668261736
