MAE:1.0415837525844514
MSE:4.185853287479086
EVS:0.9538896414291879
