MAE:1.040740527244451
MSE:4.201569081688096
EVS:0.9537347077099894
