MAE:1.0431286810570917
MSE:4.213404720799952
EVS:0.9536505903114019
