MAE:3.030233207450329
MSE:15.15249015527405
EVS:0.3877396212132612
