MAE:0.9625762851525785
MSE:3.3886747879999084
EVS:0.9620770531416882
