MAE:0.9993158440384142
MSE:3.635319417958532
EVS:0.9597588087234415
