MAE:0.9557268444498719
MSE:3.3213134589847506
EVS:0.9644079745778203
