MAE:0.4612037826366892
MSE:0.764211575621414
EVS:0.9924962706552632
