MAE:0.9947539162228644
MSE:3.595830692999081
EVS:0.9599918902074401
