MAE:10.967675869181317
MSE:190.68308093781326
EVS:0.13171794312243001
