MAE:10.967549341159446
MSE:190.68253346493577
EVS:0.13172016383956708
