MAE:0.9604671106488567
MSE:3.37222183680515
EVS:0.9624630818441933
