MAE:0.7869577547562091
MSE:2.620504139277787
EVS:0.9760516455580326
