MAE:0.93952541449448
MSE:3.208864521060972
EVS:0.9658001310650235
