MAE:0.9680073581372204
MSE:3.439832014424101
EVS:0.9616311425827213
