MAE:0.7874479013576094
MSE:2.619270818855788
EVS:0.9759933660697862
