MAE:1.0438258430221805
MSE:4.217174502381257
EVS:0.9535136520701133
