MAE:0.9232278024770458
MSE:3.267952998980421
EVS:0.9654011653470203
