MAE:0.9260583440611848
MSE:3.1166593899094237
EVS:0.9662257980523945
