MAE:0.9319398199749898
MSE:3.1830256556540113
EVS:0.9658429996610615
