MAE:0.7842617814251052
MSE:2.6072491837852008
EVS:0.9761787889085152
