MAE:1.0005576876838504
MSE:3.666214214288948
EVS:0.9591403353888011
