MAE:0.9024153267165567
MSE:3.1088486443820402
EVS:0.9670492524158281
