MAE:0.9603224679671758
MSE:3.3459568524827135
EVS:0.9626450589607156
