MAE:0.9601230152726657
MSE:3.3448918763841116
EVS:0.9628098444241295
