MAE:0.9615306706820995
MSE:3.37565677641778
EVS:0.9624303074798126
