MAE:0.8794653661114292
MSE:2.7928695770217677
EVS:0.9691329338060122
