MAE:0.9918599555654881
MSE:3.5532753451305688
EVS:0.96062142236332
