MAE:1.0432862755530334
MSE:4.216157048858208
EVS:0.9535628344604191
