MAE:0.8785362363559119
MSE:2.755710573520573
EVS:0.9692327549904359
