MAE:0.9544356979606082
MSE:3.3214387907097995
EVS:0.9647320014518902
