MAE:1.784780407448864e-14
MSE:7.527719758850904e-28
EVS:1.0
