MAE:0.9068297796269474
MSE:3.1335966689564003
EVS:0.9668146053268722
