MAE:0.9862055838718369
MSE:3.486843394504194
EVS:0.9613396893138223
