MAE:0.9398050170637265
MSE:3.2132326449557254
EVS:0.9657216834188785
