MAE:0.9547038449385644
MSE:3.3156464160919006
EVS:0.9644253241702424
