MAE:0.9072940167151831
MSE:3.132110042387322
EVS:0.9666587230507357
