MAE:0.9068621781490765
MSE:3.1337830755125524
EVS:0.9668125498703916
