MAE:0.9428466330760765
MSE:3.242140757189305
EVS:0.9656466778807768
