MAE:0.9952345853791733
MSE:3.603251785981525
EVS:0.960083357656164
