MAE:0.8657224758754891
MSE:2.6671867369800117
EVS:0.9703348863273357
