MAE:0.9918360693327596
MSE:3.55310617023476
EVS:0.9606234023951595
