MAE:0.9899790416748256
MSE:3.542885331821997
EVS:0.9605906110231018
