MAE:0.9908777127641709
MSE:3.547991955347102
EVS:0.9606099511777553
