MAE:1.0008427664814306
MSE:3.6752217830525185
EVS:0.9593445868898401
