MAE:0.8663302209653297
MSE:2.682541505042135
EVS:0.970215010206347
