MAE:0.9426014056848523
MSE:3.24210991739764
EVS:0.9656927646775662
