MAE:0.9613997939597647
MSE:3.348998791840201
EVS:0.962748980078126
