MAE:0.9599481819033183
MSE:3.3737631072404293
EVS:0.9623620685087149
