MAE:0.9136127037939502
MSE:3.179351562855536
EVS:0.9662897359083102
