MAE:1.035710153000729
MSE:4.088004944373436
EVS:0.9563365660913797
