MAE:0.9994215960225727
MSE:3.6599708078315345
EVS:0.9591118008425401
