MAE:0.962956076088504
MSE:3.393016655008739
EVS:0.9621989127185081
