MAE:0.9544273074252203
MSE:3.321482830504853
EVS:0.9647323596335887
