MAE:0.9222236943559917
MSE:3.262672769218787
EVS:0.9653948772366299
