MAE:0.9542029975778548
MSE:3.3110115001551703
EVS:0.9643350702191278
