MAE:0.9378567069553642
MSE:3.2015511415527973
EVS:0.9657666089441989
