MAE:0.8722537833897611
MSE:2.7189715798414222
EVS:0.9697208503969632
