MAE:0.868716984800243
MSE:2.705446567795682
EVS:0.970002930634225
