MAE:0.9923635405636364
MSE:3.560456373138044
EVS:0.9606589810161491
