MAE:1.0005935821727312
MSE:3.668334326845739
EVS:0.9591890336307124
