MAE:0.7813546006749793
MSE:2.5956610413302643
EVS:0.9763588786551958
