MAE:0.7813543062082873
MSE:2.5956703038202766
EVS:0.9763587961390565
