MAE:1.001816428263865
MSE:3.680942921168794
EVS:0.9593662867127033
