MAE:0.9140367437162349
MSE:3.176860925488774
EVS:0.9662578758999258
