MAE:0.8342335586935782
MSE:2.528536375857552
EVS:0.976458611196953
