MAE:0.969144208937277
MSE:3.445692006156377
EVS:0.9616449374222341
