MAE:0.9609692625014057
MSE:3.3831989530056914
EVS:0.9623448214346094
