MAE:0.950878800605588
MSE:3.2879903087018705
EVS:0.9650634188517013
