MAE:0.9624242429191601
MSE:3.3912705115602924
EVS:0.962085109789013
