MAE:1.044811474265473
MSE:4.222726923845317
EVS:0.9534258801857843
