MAE:0.7809901975388951
MSE:2.5906927710207523
EVS:0.9763736003774046
