MAE:1.0203842576744315
MSE:3.9789335890582107
EVS:0.9572918031057334
