MAE:0.9613875030855734
MSE:3.3488797488189035
EVS:0.9627505056541835
