MAE:0.935295609825668
MSE:3.1866447960520246
EVS:0.9658462635462561
