MAE:0.78135518122286
MSE:2.5956425619536767
EVS:0.9763590435440124
