MAE:0.9447803863211417
MSE:3.2543445697052853
EVS:0.9654395009303277
