MAE:0.9593179490020376
MSE:3.344619736741815
EVS:0.9628243031141887
