MAE:0.9628777992292445
MSE:3.352529853547864
EVS:0.9628183892869231
