MAE:0.9990952632559784
MSE:3.6345650487311607
EVS:0.9597357791568317
