MAE:1.0407404915915421
MSE:4.201489490614131
EVS:0.9537354822974731
