MAE:10.748315515781071
MSE:189.85170922199032
EVS:0.11703746464469855
