MAE:0.877184057395149
MSE:2.7507888612277367
EVS:0.9693853632385967
