MAE:1.0008704442225618
MSE:3.6753671253699407
EVS:0.9593426325826858
