MAE:0.7813548923459143
MSE:2.5956517940447714
EVS:0.976358961123508
