MAE:0.9162608515227092
MSE:3.1862355006955205
EVS:0.9661184327188067
