MAE:10.967639739851675
MSE:190.68292430834222
EVS:0.1317185773977787
