MAE:0.8950189830797175
MSE:3.029440256737135
EVS:0.9666243021260618
