MAE:0.9561661221775462
MSE:3.3266325701170807
EVS:0.9639605144180742
