MAE:0.999136598741875
MSE:3.6351264051512886
EVS:0.9597029378901233
