MAE:0.7832912292654474
MSE:2.6011223508805434
EVS:0.9762672780286984
