MAE:1.0021136499885994
MSE:3.6760912795613336
EVS:0.9589414026934925
