MAE:0.9538514837357404
MSE:3.315720473920872
EVS:0.964840226147323
