MAE:0.9599307338258924
MSE:3.3736286817450187
EVS:0.9623635472891626
