MAE:0.9220418515216309
MSE:3.2646355934150497
EVS:0.9655818527289842
