MAE:0.9633884697700882
MSE:3.382504966111044
EVS:0.962044922600286
