MAE:0.962946913786522
MSE:3.38516765939638
EVS:0.9620667426843056
