MAE:0.9557132866956225
MSE:3.321379530641535
EVS:0.9644083981227372
