MAE:0.868259152367564
MSE:2.705610333966697
EVS:0.9700474211647026
