MAE:9.938809614404018
MSE:163.57962027084795
EVS:0.16921196056700338
