MAE:0.959241874513886
MSE:3.339770852077474
EVS:0.9628403350734474
