MAE:1.0214225846241862
MSE:3.9820865705853885
EVS:0.9573245801172436
