MAE:1.0002675472412392
MSE:3.669908833557372
EVS:0.9593258104131618
