MAE:0.9215755901637527
MSE:3.261064831913957
EVS:0.965560514279097
