MAE:9.38335155907123
MSE:146.3612059485016
EVS:0.1609363876119021
