MAE:0.9593591602531616
MSE:3.3688119842311344
EVS:0.962377404193183
