MAE:1.0413326550174467
MSE:4.203597303295219
EVS:0.9537259748819589
