MAE:0.9634702949833656
MSE:3.396828477266247
EVS:0.9621685346747416
