MAE:0.9332787626859596
MSE:3.1821175053684407
EVS:0.9658425048620849
