MAE:1.0002608227997496
MSE:3.671362162744562
EVS:0.9592591791629852
